36 8 0 112 220 192 68 212 156 48 27 10 51 194 182 243 179 96 136 165 121 0 66 233 24 65 76 36 224 138 222 193 119 215 35 54 250 6 162 183 64 61 50
36 8 0 112 166 192 68 212 166 48 27 10 51 194 182 243 179 96 136 165 121 0 172 59 24 152 76 36 224 138 222 193 119 215 240 54 250 6 162 183 64 61 50
36 8 0 112 128 192 68 212 156 48 27 10 51 194 182 243 179 96 136 138 121 0 1 233 24 65 194 36 224 138 140 193 119 121 35 54 250 6 162 183 64 61 50
84 48 0 12 220 60 72 232 99 48 27 21 51 62 200 220 202 168 91 178 184 30 205 23 96 163 51 67 220 84 85 179 116 92 100 78 117 61 133 251 251 251 251
36 8 0 112 220 192 68 212 156 48 27 10 51 194 184 243 179 96 136 165 121 0 66 233 24 65 76 36 224 138 222 193 119 215 35 54 250 6 162 183 64 61 50
36 102 214 112 220 192 68 212 156 48 152 10 51 107 70 236 179 96 138 236 121 236 66 233 24 65 76 36 224 105 17 64 119 215 35 54 177 135 162 183 64 61 50
36 8 0 111 168 168 168 212 159 48 168 10 51 194 182 243 179 96 136 165 121 0 66 242 110 65 76 36 224 138 222 222 119 215 35 36 33 22 162 183 64 61 50
24 36 192 112 19 192 68 212 156 48 27 10 51 194 182 116 179 96 136 165 121 144 66 76 23 65 76 36 224 138 222 193 119 215 35 54 250 6 162 183 64 61 50
84 48 0 12 220 60 72 232 99 48 27 21 51 62 200 220 202 168 91 178 184 30 205 23 96 163 51 67 220 84 85 179 116 103 43 238 147 167 5 251 251 251 251
36 8 0 112 220 192 68 212 156 48 167 167 51 194 176 179 179 96 210 165 121 228 66 233 185 65 76 36 224 138 222 193 119 82 82 54 250 6 141 183 64 61 50
36 8 153 112 153 153 153 153 154 48 27 10 51 194 182 243 179 96 136 165 121 0 66 233 24 65 76 15 224 138 222 193 119 215 35 54 250 6 162 183 64 61 50
36 8 0 112 220 192 68 212 156 48 27 10 51 194 182 243 179 96 136 165 121 0 66 233 24 65 76 36 224 138 222 193 119 215 35 54 250 6 162 183 64 61 50
84 48 0 12 220 60 72 232 99 48 27 21 51 62 200 220 202 168 91 178 184 30 205 23 96 163 51 67 220 84 85 179 116 102 73 90 13 90 150 251 251 251 251
36 8 0 112 220 192 68 212 156 48 27 10 51 194 182 243 179 96 136 165 121 0 66 233 24 65 76 36 224 138 222 193 119 215 35 54 250 6 162 183 64 61 50
36 8 0 112 220 192 68 212 156 48 27 10 51 194 182 243 179 96 136 165 121 0 66 233 24 65 76 36 224 138 222 193 119 215 35 54 250 6 162 183 64 61 50
24 163 39 112 187 192 68 212 156 48 27 214 51 194 182 108 179 113 136 165 121 253 66 7 195 65 76 36 90 138 6 193 119 233 35 54 35 32 162 183 64 61 50
84 48 0 12 220 60 72 232 99 48 27 21 51 62 200 220 202 168 91 178 184 30 205 23 96 163 51 67 220 84 85 179 116 119 28 226 4 46 232 251 251 251 251
36 8 0 112 220 192 68 212 156 48 27 10 51 194 182 243 179 96 136 165 121 0 66 233 24 65 76 36 224 138 222 193 119 215 35 96 110 110 162 110 64 61 50
36 8 0 110 220 192 155 155 49 155 27 10 51 194 182 243 179 96 136 165 47 0 66 233 238 65 39 36 224 138 222 193 119 47 55 54 250 6 162 232 64 61 50
36 8 0 112 220 192 68 212 156 48 27 10 51 202 202 243 179 96 136 217 121 127 66 233 24 65 195 36 224 138 222 193 119 215 35 54 250 5 162 183 64 61 50
36 8 0 112 220 192 68 212 156 48 27 10 51 194 182 243 179 96 136 165 121 0 66 233 24 65 76 36 224 138 222 193 119 215 35 54 250 6 162 183 64 61 50
36 8 0 112 220 192 68 212 156 48 27 10 51 194 182 243 179 96 136 165 121 0 66 233 24 65 76 36 224 138 222 193 119 215 35 54 250 6 162 183 64 61 50
84 48 0 12 220 60 72 232 99 48 27 21 51 62 200 220 202 168 91 178 184 30 205 23 96 163 51 67 220 84 85 179 116 119 105 114 167 242 120 251 251 251 251
98 136 133 55 27 19 131 239 211 143 26 175 67 46 29 70 185 234 234 234 234 155 184 140 242 250 252 43 84 95 171 243 157 241 212 95 97 95 73 13 25 181 202
36 8 0 112 220 192 68 212 156 48 27 10 51 194 182 215 179 96 136 165 121 0 231 233 24 65 76 36 224 138 222 193 76 78 35 54 250 6 162 183 64 61 50
36 8 254 112 162 162 162 162 156 162 27 10 51 194 182 243 179 96 136 165 121 0 66 233 238 65 76 36 224 138 222 193 253 215 35 54 250 6 162 183 64 61 50
36 8 0 112 220 192 68 212 156 48 27 10 51 194 188 243 179 154 136 165 121 0 66 233 24 65 207 36 224 138 222 193 119 215 35 54 250 6 162 183 64 61 50
36 8 0 112 220 192 68 212 156 48 27 10 51 194 182 243 179 96 136 165 121 0 66 233 24 65 76 36 224 138 222 193 119 215 35 54 250 6 162 183 64 61 50
84 48 0 12 220 60 72 232 99 48 27 21 51 62 200 220 202 168 91 178 184 30 205 23 96 163 51 67 220 84 85 179 116 125 161 187 46 79 61 251 251 251 251
36 8 0 112 220 192 68 212 156 48 27 10 51 194 182 243 179 96 136 165 121 0 66 233 24 65 76 36 224 138 222 193 119 215 35 253 250 6 162 183 64 25 50
36 8 0 112 220 192 68 212 156 48 27 10 51 194 182 243 179 96 136 165 34 0 66 233 30 32 32 36 224 4 222 29 37 48 243 54 250 13 162 233 64 61 50
36 8 0 112 220 169 68 212 169 48 27 10 51 194 182 243 179 104 136 165 121 0 66 233 24 65 128 36 224 138 222 193 119 215 35 54 250 6 172 183 64 61 182
36 8 0 112 220 192 68 212 156 48 27 10 51 194 182 243 179 96 136 165 121 0 66 233 24 65 76 36 224 138 222 193 119 215 35 54 250 6 162 183 64 61 50
84 48 0 12 220 60 72 232 99 48 27 21 51 62 200 220 202 168 91 178 184 30 205 23 96 163 51 67 220 84 85 179 116 104 88 50 231 23 251 251 251 251 251
36 8 0 112 220 192 68 212 156 48 27 10 51 194 182 243 179 233 136 165 121 0 66 54 24 124 76 36 224 138 222 193 119 215 35 84 250 6 84 183 64 61 50
36 8 0 112 220 192 137 212 217 48 27 10 51 194 182 243 179 96 136 165 119 0 66 233 24 65 76 36 224 138 222 193 119 215 35 144 240 6 79 19 64 61 50
87 135 135 135 135 135 135 212 156 48 27 10 51 194 182 243 179 94 242 165 242 242 242 233 242 65 76 36 224 94 222 193 119 215 35 54 250 6 162 183 64 61 50
36 8 0 112 220 171 68 212 171 48 27 10 51 194 137 243 179 96 136 165 126 0 66 233 24 65 75 36 224 138 222 193 119 215 35 54 250 6 162 183 64 61 50
36 8 0 112 220 192 68 212 156 48 27 10 51 194 182 243 179 96 136 165 121 0 66 233 24 65 76 36 224 138 222 193 119 215 35 54 250 6 162 183 64 61 50
84 48 0 12 220 60 72 232 99 48 27 21 51 62 200 220 202 168 91 178 184 30 205 23 96 163 51 67 220 84 85 179 116 94 54 130 236 54 137 251 251 251 251
36 8 0 112 120 192 68 212 156 48 27 10 51 194 182 243 179 96 136 142 121 127 66 233 24 65 76 84 33 138 146 193 41 215 35 43 60 6 100 183 64 61 50
36 8 0 112 220 192 68 110 156 48 27 10 51 194 182 243 179 96 136 165 121 0 66 233 24 65 76 36 224 138 222 193 119 215 35 54 250 6 162 183 64 61 50
36 8 0 112 94 193 99 88 156 48 27 10 51 194 182 243 179 96 136 165 121 0 66 233 24 65 76 36 224 138 222 193 119 215 35 54 250 6 162 183 64 61 50
84 48 0 12 220 60 72 232 99 48 27 21 51 62 200 220 202 168 91 178 184 30 205 23 96 163 51 67 220 84 85 179 116 120 50 58 90 12 251 251 251 251 251
36 8 0 112 220 192 68 212 156 48 27 10 51 194 182 243 179 96 136 165 121 0 66 233 24 65 76 36 224 138 222 193 119 215 35 54 250 6 162 183 64 61 50
36 8 0 112 220 192 134 212 156 194 194 194 194 182 182 194 179 96 136 165 121 0 66 233 24 65 76 36 224 138 222 193 119 215 35 54 250 6 162 183 64 61 50
36 8 0 112 220 192 68 212 156 183 27 10 51 194 182 243 179 96 136 165 121 0 66 233 24 65 76 36 224 138 222 193 119 215 35 54 250 6 162 183 64 61 50
84 48 0 12 220 60 72 232 99 48 27 21 51 62 200 220 202 168 91 178 184 30 205 23 96 163 51 67 220 84 85 179 116 103 176 136 51 21 242 251 251 251 251
36 8 0 112 220 192 68 212 156 48 27 10 51 194 182 243 179 96 136 165 121 0 66 233 24 65 76 36 224 138 222 193 119 215 35 54 250 95 162 183 64 61 50
36 8 0 112 220 192 68 212 156 48 27 10 51 194 182 243 179 211 136 165 121 0 193 233 24 65 76 36 224 138 222 193 119 215 35 54 250 73 162 183 64 61 50
36 8 0 112 220 192 68 212 156 48 27 10 51 194 182 243 179 96 136 165 121 0 66 233 24 65 92 36 224 138 222 193 119 215 35 54 250 6 162 183 64 61 50
36 244 0 208 180 192 68 144 36 15 254 10 182 194 231 243 84 96 136 165 121 0 66 233 24 65 76 36 224 138 222 193 119 215 35 238 250 6 162 183 64 61 50
84 48 0 12 220 60 72 232 99 48 27 21 51 62 200 220 202 168 91 178 184 30 205 23 96 163 51 67 220 84 85 179 116 124 244 197 141 55 138 251 251 251 251
36 8 0 112 220 192 68 212 156 48 27 10 182 182 45 182 179 96 136 247 121 0 66 233 24 247 247 255 7 138 222 193 242 215 240 54 250 233 162 183 64 61 180
36 8 0 112 220 165 165 165 165 165 27 10 51 194 182 229 179 238 136 217 6 0 66 233 24 65 76 202 224 138 222 193 119 215 35 54 250 6 162 249 69 61 6
36 8 122 112 220 232 68 212 156 48 27 10 51 131 195 243 179 96 136 165 121 0 190 233 188 65 76 36 1 138 222 228 119 215 35 54 250 6 162 183 64 61 50
36 8 0 116 220 192 68 212 156 100 27 10 51 194 182 0 179 96 136 149 121 53 148 224 191 65 76 36 224 138 223 193 119 215 35 54 250 6 162 183 64 61 50
36 8 0 112 220 192 68 212 151 48 27 10 159 158 182 243 179 96 136 165 159 0 66 233 24 65 76 36 224 138 222 193 119 215 35 54 250 6 162 183 64 61 50
36 8 0 112 218 192 68 212 156 48 27 10 51 194 182 243 179 96 136 165 121 0 66 233 24 65 76 36 224 138 222 193 119 215 35 54 250 6 162 183 64 61 50
